How close can two true particles be before non-maximum suppression merges them?

50 trials per separation; recall = fraction of the two true centres recovered within 10 px (mean over trials); picks = mean picks per micrograph

separation | NMS none: recall, picks | NMS 10 px: recall, picks | NMS 15 px: recall, picks | NMS 20 px: recall, picks | NMS 25 px: recall, picks | NMS 30 px: recall, picks
   8 px (8.1) | 0.84, 12.7 | 0.81, 11.8 | 0.56, 9.7 | 0.50, 6.8 | 0.50, 5.6 | 0.50, 5.0
  10 px (10.1) | 0.96, 13.9 | 0.96, 13.0 | 0.74, 10.8 | 0.52, 7.4 | 0.50, 6.3 | 0.50, 5.3
  12 px (12.1) | 0.99, 12.1 | 0.99, 11.2 | 0.84, 9.4 | 0.52, 6.4 | 0.50, 5.4 | 0.50, 4.8
  14 px (14.1) | 0.99, 12.2 | 0.99, 11.4 | 0.96, 9.8 | 0.56, 6.5 | 0.51, 5.6 | 0.50, 4.9
  16 px (16.2) | 0.99, 11.6 | 0.99, 10.8 | 0.93, 9.1 | 0.62, 5.7 | 0.53, 5.1 | 0.50, 4.5
  18 px (18.1) | 1.00, 13.2 | 1.00, 12.2 | 1.00, 10.4 | 0.66, 6.8 | 0.52, 6.2 | 0.50, 5.4
  20 px (20.1) | 1.00, 13.4 | 1.00, 12.4 | 1.00, 10.8 | 0.67, 7.3 | 0.52, 6.5 | 0.50, 5.9
  22 px (22.0) | 1.00, 14.5 | 1.00, 13.4 | 1.00, 11.9 | 0.87, 7.7 | 0.62, 6.7 | 0.52, 5.8
  24 px (24.0) | 1.00, 16.8 | 1.00, 15.7 | 1.00, 12.9 | 0.92, 8.8 | 0.68, 7.7 | 0.51, 6.6
  26 px (26.2) | 1.00, 17.2 | 1.00, 16.0 | 1.00, 13.5 | 0.98, 9.0 | 0.85, 7.8 | 0.61, 6.9
  28 px (28.2) | 1.00, 16.6 | 1.00, 15.3 | 1.00, 12.7 | 0.99, 8.5 | 0.94, 7.1 | 0.66, 6.5
  30 px (30.1) | 1.00, 17.2 | 1.00, 15.9 | 1.00, 13.4 | 1.00, 8.9 | 0.97, 7.5 | 0.82, 6.7
  32 px (32.1) | 1.00, 17.7 | 1.00, 16.5 | 1.00, 13.8 | 1.00, 8.9 | 1.00, 7.7 | 0.93, 6.8
  34 px (34.1) | 1.00, 16.1 | 1.00, 14.8 | 1.00, 12.2 | 1.00, 7.8 | 1.00, 6.8 | 0.96, 6.1
  36 px (36.1) | 1.00, 16.8 | 1.00, 15.5 | 1.00, 12.8 | 1.00, 8.0 | 1.00, 7.0 | 0.98, 6.3
  38 px (38.0) | 1.00, 15.8 | 1.00, 14.4 | 1.00, 12.2 | 1.00, 7.6 | 1.00, 6.5 | 1.00, 5.9
  40 px (40.0) | 1.00, 17.0 | 1.00, 15.3 | 1.00, 12.8 | 1.00, 8.5 | 1.00, 6.9 | 1.00, 6.2
